50
920 931404396 300361298
894 732104326 491597778
547 636535405 964227565
908 631279245 395290640
735 688971151 357783251
702 257607432 437647244
987 529489247 202948737
729 250324451 545668836
613 501552291 709407327
835 889384509 773041634
764 471798922 709050351
503 926581436 391463131
619 515815095 597329229
869 897583915 823737263
542 448748906 668611024
934 290506458 397040049
941 492182768 434855532
814 210077293 674535735
904 903356554 517261897
798 957951419 675875176
709 491438608 990379496
772 760007536 393874522
847 995466606 288984209
963 568378814 506890787
569 700874952 525423649
518 465491216 965602663
662 896391498 398297532
798 675076739 974769579
816 954903210 707246897
765 498733944 470682399
502 928624770 865573527
582 881913489 781669715
600 484036867 722081938
817 302399251 312339941
801 898692414 426721627
876 876992913 932085333
978 362721213 346687627
942 357916430 716757759
921 993594408 970596784
700 804451783 499563675
568 564572416 339376902
598 303683284 877852327
784 280663942 683409910
529 724473128 453196175
814 283267625 445648468
719 990925151 334772017
976 372555659 771183860
656 313281770 666342496
906 339505448 317724901
882 910829799 793651212
